0 0.3817153628652215 0.3067137809187279 0.37323279924599434 0.37473498233215546
2 0.30254476908576816 0.3740282685512368 0.35379359095193214 0.357773851590106
2 0.25471253534401506 0.411660777385159 0.30360508953817156 0.33021201413427564
0 0.3910226201696513 0.31837455830388695 0.3110273327049953 0.3408127208480565
2 0.3616870876531574 0.4234982332155477 0.32693213949104616 0.35459363957597173
0 0.3155042412818096 0.28692579505300353 0.3566211121583412 0.31219081272084803
0 0.24858623939679547 0.2722614840989399 0.3438972667295005 0.3201413427561837
2 0.4116399622997172 0.24982332155477033 0.3590951932139491 0.3201413427561837
1 0.2654335532516494 0.42703180212014136 0.3682846371347785 0.3339222614840989
0 0.279688972667295 0.36925795053003535 0.36404335532516496 0.31696113074204946
0 0.40457115928369464 0.3591872791519435 0.36651743638077283 0.3132508833922262
2 0.2408105560791706 0.32420494699646646 0.3262252591894439 0.35406360424028266
1 0.39726672950047126 0.33374558303886925 0.31950989632422244 0.311660777385159
2 0.3565032987747408 0.29770318021201414 0.35061262959472195 0.357243816254417
2 0.2551837888784166 0.41731448763250883 0.30042412818096137 0.3710247349823322
1 0.3510838831291235 0.37190812720848054 0.358741753063148 0.3206713780918728
1 0.33270499528746467 0.26819787985865723 0.30219132893496703 0.31537102473498235
0 0.24929311969839774 0.34151943462897527 0.3007775683317625 0.3392226148409894
0 0.3404806786050895 0.2775618374558304 0.3725259189443921 0.3275618374558304
0 0.3800659754948162 0.23568904593639575 0.37111215834118755 0.33021201413427564
2 0.4098727615457116 0.37826855123674913 0.3272855796418473 0.36996466431095404
1 0.39467483506126294 0.3498233215547703 0.337181903864279 0.3079505300353357
0 0.27862865221489164 0.3621908127208481 0.3248114985862394 0.3641342756183746
2 0.293119698397738 0.42597173144876327 0.3032516493873704 0.34611307420494697
2 0.34213006597549483 0.24381625441696114 0.3272855796418473 0.3434628975265018
1 0.40539585296889724 0.32296819787985864 0.35838831291234685 0.33763250883392226
0 0.2531809613572102 0.2613074204946996 0.3407163053722903 0.33021201413427564
1 0.31126295947219607 0.4075971731448763 0.32163053722902923 0.3636042402826855
2 0.29677191328934965 0.3874558303886926 0.35061262959472195 0.33286219081272084
2 0.2748586239396795 0.41908127208480567 0.30360508953817156 0.31643109540636044
2 0.39373232799245994 0.37190812720848054 0.36581055607917057 0.30053003533568906
2 0.33270499528746467 0.35159010600706714 0.3350612629594722 0.3482332155477032
1 0.3491988689915174 0.3828621908127208 0.36262959472196044 0.3106007067137809
0 0.36451460885956644 0.342226148409894 0.3523798303487276 0.3408127208480565
0 0.264373232799246 0.36590106007067136 0.32092365692742697 0.3291519434628975
2 0.41411404335532515 0.2920494699646643 0.35273327049952874 0.3439929328621908
0 0.34106974552309144 0.27208480565371024 0.3159754948162111 0.34770318021201413
1 0.28923185673892554 0.4049469964664311 0.34142318567389257 0.3482332155477032
1 0.25989632422243164 0.2991166077738516 0.3407163053722903 0.3636042402826855
1 0.34342601319509897 0.42279151943462895 0.3576814326107446 0.32438162544169613
2 0.2366870876531574 0.23303886925795053 0.3233977379830349 0.3148409893992933
1 0.32186616399622997 0.3333922261484099 0.323751178133836 0.31113074204946994
1 0.25329877474081053 0.2835689045936396 0.31279453345900093 0.3556537102473498
1 0.40810556079170596 0.3941696113074205 0.35379359095193214 0.37473498233215546
1 0.2494109330819981 0.22667844522968197 0.34248350612629597 0.30212014134275617
0 0.39926955702167766 0.369434628975265 0.3124410933081998 0.3265017667844523
2 0.392200754005655 0.29858657243816256 0.326578699340245 0.3498233215547703
2 0.2889962299717248 0.4086572438162544 0.37217247879359094 0.311660777385159
2 0.3728793590951932 0.2469964664310954 0.35732799245994346 0.35406360424028266
2 0.26460885956644675 0.3478798586572438 0.33223374175306314 0.3201413427561837
1 0.36463242224316683 0.3201413427561837 0.3198633364750236 0.3625441696113074
0 0.3116163996229972 0.38798586572438165 0.3092601319509896 0.3471731448763251
1 0.34295475966069744 0.4268551236749117 0.3403628652214892 0.3434628975265018
0 0.3189208294062206 0.36236749116607775 0.3110273327049953 0.36148409893992933
2 0.4169415645617342 0.353886925795053 0.3555607917059378 0.37314487632508836
1 0.3899622997172479 0.3809187279151943 0.37535344015080113 0.30424028268551234
2 0.3569745523091423 0.38763250883392225 0.30042412818096137 0.334452296819788
0 0.29382657869934026 0.27014134275618373 0.36298303487276157 0.3270318021201413
1 0.257186616399623 0.25159010600706716 0.33470782280867106 0.37526501766784454
2 0.32811027332704995 0.32985865724381624 0.31314797360980207 0.311660777385159
1 0.3470782280867106 0.31307420494699645 0.3053722902921772 0.34770318021201413
2 0.30254476908576816 0.2441696113074205 0.3007775683317625 0.31113074204946994
0 0.24210650329877473 0.3991166077738516 0.3294062205466541 0.30265017667844524
1 0.4052780395852969 0.37120141342756185 0.32092365692742697 0.3598939929328622
2 0.28404806786050896 0.4263250883392226 0.326578699340245 0.3201413427561837
1 0.3549717247879359 0.42279151943462895 0.3590951932139491 0.357773851590106
0 0.2780395852968897 0.3047703180212014 0.3067860508953817 0.33286219081272084
0 0.39373232799245994 0.3300353356890459 0.348138548539114 0.34664310954063604
0 0.33482563619227146 0.43798586572438164 0.3477851083883129 0.36890459363957595
0 0.2540056550424128 0.27296819787985865 0.30961357210179075 0.36519434628975267
2 0.2326814326107446 0.2871024734982332 0.3223374175306315 0.34611307420494697
0 0.4216540999057493 0.31731448763250886 0.3488454288407163 0.3275618374558304
2 0.3607445805843544 0.24770318021201412 0.3202167766258247 0.3010600706713781
2 0.2867577756833176 0.39893992932862193 0.3403628652214892 0.33816254416961133
1 0.32716776625824695 0.3869257950530035 0.3223374175306315 0.3063604240282686
1 0.4103440150801131 0.35335689045936397 0.35838831291234685 0.3551236749116608
1 0.3847785108388313 0.2950530035335689 0.3159754948162111 0.334982332155477
1 0.3104382657869934 0.3872791519434629 0.3661639962299717 0.3646643109540636
2 0.32280867106503297 0.3549469964664311 0.33117342130065974 0.3482332155477032
2 0.2639019792648445 0.28003533568904593 0.32057021677662584 0.34770318021201413
0 0.3500235626767201 0.41872791519434627 0.37005183788878415 0.31007067137809186
0 0.2545947219604147 0.32084805653710247 0.3053722902921772 0.3106007067137809
1 0.3608623939679548 0.23480565371024734 0.32198397737983037 0.3270318021201413
1 0.3039585296889727 0.36042402826855124 0.35308671065032987 0.3127208480565371
0 0.40563147973609803 0.30512367491166076 0.37005183788878415 0.33180212014134275
2 0.25483034872761545 0.2325088339222615 0.345311027332705 0.31590106007067137
1 0.3221017907634307 0.31095406360424027 0.3728793590951932 0.3450530035335689
0 0.2413996229971725 0.35106007067137807 0.3491988689915174 0.36042402826855124
2 0.3361215834118756 0.438339222614841 0.37111215834118755 0.35830388692579507
2 0.3887841658812441 0.2816254416961131 0.3601555136663525 0.3598939929328622
2 0.3795947219604147 0.39045936395759717 0.31279453345900093 0.3636042402826855
0 0.36899151743638076 0.2950530035335689 0.35485391140433553 0.34558303886925795
2 0.3124410933081998 0.37526501766784454 0.3523798303487276 0.3254416961130742
2 0.3468426013195099 0.33586572438162543 0.36510367577756836 0.3068904593639576
2 0.3182139491046183 0.3247349823321555 0.31632893496701225 0.3360424028268551
0 0.2524740810556079 0.2924028268551237 0.3545004712535344 0.3201413427561837
2 0.36875589066918 0.3745583038869258 0.3113807728557964 0.3508833922261484
0 0.40598491988689916 0.3607773851590106 0.3043119698397738 0.334452296819788
1 0.332822808671065 0.2786219081272085 0.3467247879359095 0.3365724381625442
2 0.31020263901979267 0.23604240282685512 0.3502591894439208 0.3206713780918728
1 0.417177191328935 0.36537102473498234 0.37111215834118755 0.32491166077738515
1 0.24528746465598492 0.41024734982332156 0.3032516493873704 0.3196113074204947
1 0.22961828463713477 0.2462897526501767 0.3007775683317625 0.334452296819788
2 0.2587181903864279 0.29752650176678447 0.37005183788878415 0.357773851590106
1 0.38100848256361924 0.3058303886925795 0.3622761545711593 0.33975265017667844
0 0.2909990574929312 0.3710247349823322 0.3590951932139491 0.3365724381625442
2 0.3304665409990575 0.3439929328621908 0.3488454288407163 0.3333922261484099
1 0.298421300659755 0.4021201413427562 0.36368991517436383 0.35936395759717316
0 0.31750706880301605 0.238339222614841 0.3262252591894439 0.3296819787985866
1 0.2531809613572102 0.31113074204946994 0.35167295004712534 0.34452296819787986
1 0.42813383600377003 0.284452296819788 0.3739396795475966 0.3434628975265018
0 0.27238454288407166 0.41625441696113075 0.3248114985862394 0.3646643109540636
0 0.24163524976437323 0.3273851590106007 0.32057021677662584 0.3482332155477032
1 0.3099670122525919 0.30247349823321557 0.3272855796418473 0.34452296819787986
2 0.3413053722902922 0.39893992932862193 0.3191564561734213 0.31908127208480563
1 0.3493166823751178 0.40441696113074205 0.31208765315739867 0.30954063604240284
0 0.41328934967012254 0.35353356890459364 0.3340009425070688 0.3625441696113074
2 0.38501413760603204 0.3351590106007067 0.3520263901979265 0.3365724381625442
2 0.26460885956644675 0.27879858657243817 0.34743166823751176 0.32226148409893995
1 0.2972431668237512 0.434452296819788 0.3032516493873704 0.36095406360424026
0 0.395617342130066 0.2489399293286219 0.33788878416588125 0.33763250883392226
1 0.2429311969839774 0.3429328621908127 0.35273327049952874 0.3508833922261484
1 0.32928840716305374 0.28074204946996467 0.3092601319509896 0.33021201413427564
1 0.3504948162111216 0.4136042402826855 0.31279453345900093 0.3408127208480565
2 0.338124410933082 0.31042402826855126 0.3555607917059378 0.3058303886925795
1 0.30878887841658814 0.369434628975265 0.36262959472196044 0.32438162544169613
0 0.3632186616399623 0.2659010600706714 0.3177426955702168 0.3360424028268551
0 0.3155042412818096 0.3759717314487632 0.35485391140433553 0.37208480565371027
1 0.39785579641847313 0.38374558303886924 0.3294062205466541 0.357243816254417
2 0.41411404335532515 0.419434628975265 0.3647502356267672 0.3726148409893993
1 0.24057492931196983 0.25848056537102476 0.3039585296889727 0.33074204946996466
1 0.28817153628652215 0.36819787985865726 0.34142318567389257 0.35300353356890457
0 0.27521206409048066 0.27544169611307423 0.337181903864279 0.3053003533568905
0 0.308435438265787 0.30565371024734983 0.3438972667295005 0.36784452296819786
0 0.3124410933081998 0.33763250883392226 0.34142318567389257 0.33180212014134275
1 0.26672950047125354 0.26307420494699646 0.36899151743638076 0.3355123674911661
0 0.2964184731385485 0.3823321554770318 0.31208765315739867 0.33975265017667844
0 0.24528746465598492 0.30742049469964666 0.33682846371347785 0.3641342756183746
0 0.3501413760603205 0.41819787985865725 0.33435438265786993 0.3726148409893993
1 0.2834590009425071 0.4068904593639576 0.37217247879359094 0.3291519434628975
1 0.40563147973609803 0.37296819787985863 0.3509660697455231 0.3710247349823322
2 0.2894674835061263 0.2991166077738516 0.35379359095193214 0.34664310954063604
0 0.34106974552309144 0.2634275618374558 0.36298303487276157 0.31431095406360426
0 0.3499057492931197 0.24752650176678445 0.31173421300659754 0.30318021201413425
0 0.30560791705937795 0.2708480565371025 0.3739396795475966 0.37473498233215546
0 0.37028746465598494 0.3181978798586572 0.3555607917059378 0.3217314487632509
1 0.2544769085768143 0.41378091872791517 0.31314797360980207 0.3360424028268551
0 0.41434967012252594 0.2924028268551237 0.3170358152686145 0.30901060070671377
0 0.2602497643732328 0.27102473498233215 0.37464655984919887 0.31219081272084803
1 0.28499057492931196 0.357243816254417 0.32057021677662584 0.31007067137809186
2 0.3305843543826579 0.33180212014134275 0.3428369462770971 0.31696113074204946
1 0.2735626767200754 0.42102473498233217 0.3198633364750236 0.36625441696113076
1 0.37217247879359094 0.2795053003533569 0.33117342130065974 0.334452296819788
2 0.2930018850141376 0.31448763250883394 0.3060791705937794 0.3556537102473498
2 0.33883129123468425 0.3028268551236749 0.3576814326107446 0.3196113074204947
0 0.25895381715362864 0.3295053003533569 0.3089066918001885 0.31908127208480563
2 0.40339302544769085 0.4012367491166078 0.33470782280867106 0.36784452296819786
0 0.360626767200754 0.388339222614841 0.3340009425070688 0.31696113074204946
1 0.35414703110273327 0.2676678445229682 0.3612158341187559 0.36201413427561835
2 0.27238454288407166 0.2381625441696113 0.3385956644674835 0.3058303886925795
0 0.4096371347785108 0.28197879858657243 0.3375353440150801 0.3212014134275618
1 0.37134778510838834 0.3014134275618375 0.3099670122525919 0.34558303886925795
0 0.3286993402450518 0.37226148409893994 0.30007068803016024 0.3646643109540636
1 0.3931432610744581 0.5713780918727915 0.30643261074458056 0.30742049469964666
2 0.6154571159283695 0.5651943462897526 0.34849198868991516 0.30901060070671377
2 0.36651743638077283 0.6648409893992933 0.3212770970782281 0.3630742049469965
1 0.4882186616399623 0.7590106007067138 0.36404335532516496 0.35300353356890457
1 0.6763666352497644 0.4462897526501767 0.36156927426955704 0.37526501766784454
2 0.7092365692742696 0.7510600706713781 0.3110273327049953 0.3365724381625442
0 0.5008246936852027 0.6097173144876326 0.35520735155513666 0.3355123674911661
2 0.683435438265787 0.4323321554770318 0.3262252591894439 0.35353356890459364
0 0.41929783223374173 0.7367491166077739 0.3693449575871819 0.33816254416961133
2 0.45770499528746467 0.5374558303886926 0.3262252591894439 0.33286219081272084
1 0.6519792648444863 0.6388692579505301 0.36687087653157396 0.3053003533568905
0 0.5424128180961357 0.6865724381625442 0.36687087653157396 0.37314487632508836
2 0.5951932139491046 0.7197879858657243 0.3315268614514609 0.3402826855123675
0 0.5854147031102733 0.5104240282685513 0.3354147031102733 0.3280918727915194
2 0.4526390197926484 0.3630742049469965 0.3032516493873704 0.30159010600706715
2 0.6516258246936852 0.7462897526501767 0.37005183788878415 0.3636042402826855
0 0.401861451460886 0.5477031802120141 0.37358623939679547 0.36148409893992933
2 0.5003534401508011 0.5273851590106007 0.33117342130065974 0.3641342756183746
2 0.4117577756833176 0.4747349823321555 0.35732799245994346 0.3047703180212014
0 0.45523091423185674 0.5871024734982332 0.34000942507068804 0.3429328621908127
1 0.7298539114043355 0.6590106007067138 0.34955230914231855 0.3010600706713781
0 0.601555136663525 0.572791519434629 0.3159754948162111 0.3402826855123675
0 0.6581055607917059 0.5379858657243817 0.30749293119698395 0.3333922261484099
2 0.5544297832233742 0.5044169611307421 0.3491988689915174 0.3567137809187279
0 0.4420358152686145 0.37879858657243815 0.30113100848256363 0.35300353356890457
2 0.7084118755890669 0.6143109540636043 0.3170358152686145 0.3726148409893993
1 0.5365221489161168 0.672791519434629 0.2997172478793591 0.3561837455830389
0 0.6992224316682375 0.5275618374558304 0.37429311969839774 0.3667844522968198
1 0.6758953817153629 0.6173144876325088 0.3545004712535344 0.311660777385159
2 0.598727615457116 0.5160777385159011 0.37323279924599434 0.3471731448763251
1 0.5168473138548539 0.3839222614840989 0.3686380772855796 0.3704946996466431
0 0.5797596606974552 0.4586572438162544 0.3297596606974552 0.3519434628975265
1 0.5001178133836004 0.7353356890459364 0.36368991517436383 0.3148409893992933
0 0.3872525918944392 0.477208480565371 0.31208765315739867 0.3471731448763251
0 0.7065268614514609 0.5478798586572439 0.3509660697455231 0.32385159010600706
0 0.39361451460885954 0.7434628975265017 0.3262252591894439 0.3106007067137809
2 0.4169415645617342 0.42508833922261485 0.33258718190386427 0.3551236749116608
2 0.478440150801131 0.5074204946996467 0.30360508953817156 0.3339222614840989
0 0.649387370405278 0.5899293286219082 0.36404335532516496 0.3726148409893993
1 0.6185202639019792 0.6238515901060071 0.326578699340245 0.3715547703180212
2 0.5065975494816211 0.4100706713780919 0.33011310084825635 0.35353356890459364
1 0.4293119698397738 0.6030035335689046 0.35838831291234685 0.3471731448763251
1 0.40563147973609803 0.6010600706713781 0.32410461828463716 0.3667844522968198
0 0.6702403393025448 0.43886925795053006 0.3149151743638077 0.36996466431095404
1 0.4050424128180961 0.6259717314487633 0.3590951932139491 0.33127208480565373
2 0.5464184731385485 0.43109540636042404 0.3718190386427898 0.3667844522968198
1 0.5871819038642789 0.36431095406360425 0.31738925541941565 0.3254416961130742
0 0.607799245994345 0.380565371024735 0.34601790763430723 0.3636042402826855
2 0.6737747408105561 0.36537102473498234 0.3170358152686145 0.311660777385159
0 0.3866635249764373 0.6579505300353357 0.3223374175306315 0.3667844522968198
2 0.5128416588124411 0.5100706713780919 0.35732799245994346 0.32279151943462897
0 0.5384071630537229 0.4045936395759717 0.3067860508953817 0.3424028268551237
2 0.5239161168708766 0.6591872791519434 0.32057021677662584 0.3471731448763251
1 0.6352497643732328 0.620494699646643 0.369698397737983 0.32226148409893995
0 0.5230914231856739 0.6863957597173145 0.30042412818096137 0.3291519434628975
0 0.48020735155513666 0.5024734982332155 0.35626767200754006 0.3053003533568905
2 0.5246229971724788 0.5014134275618375 0.31844957587181905 0.32438162544169613
2 0.6284165881244109 0.6977031802120142 0.3725259189443921 0.32597173144876324
2 0.6176955702167767 0.5028268551236749 0.37217247879359094 0.32438162544169613
0 0.6174599434495759 0.4372791519434629 0.3113807728557964 0.3704946996466431
0 0.5563147973609802 0.6302120141342756 0.32304429783223376 0.35141342756183747
0 0.4421536286522149 0.6787985865724382 0.32410461828463716 0.3657243816254417
0 0.5432375117813384 0.37985865724381623 0.3601555136663525 0.30954063604240284
2 0.7095900094250707 0.5349823321554771 0.3686380772855796 0.32438162544169613
1 0.7184260131950989 0.708303886925795 0.36192271442035817 0.35459363957597173
0 0.3909048067860509 0.6872791519434629 0.310320452403393 0.3413427561837456
1 0.7360980207351555 0.5968197879858658 0.3682846371347785 0.311660777385159
0 0.669062205466541 0.4091872791519435 0.32198397737983037 0.3296819787985866
1 0.38454288407163056 0.7429328621908127 0.3364750235626767 0.31007067137809186
0 0.3774740810556079 0.6549469964664311 0.3513195098963242 0.3408127208480565
1 0.5141376060320453 0.5098939929328622 0.36899151743638076 0.34558303886925795
0 0.45876531573986806 0.581095406360424 0.36687087653157396 0.3079505300353357
1 0.5666823751178134 0.7224381625441696 0.3294062205466541 0.32597173144876324
2 0.37028746465598494 0.7224381625441696 0.3438972667295005 0.3291519434628975
0 0.38843072573044296 0.561660777385159 0.375 0.30053003533568906
2 0.46595193213949104 0.6934628975265018 0.32905278039585295 0.3492932862190813
1 0.6081526861451461 0.7604240282685513 0.3272855796418473 0.3657243816254417
2 0.4857445805843544 0.6003533568904593 0.3212770970782281 0.3106007067137809
0 0.5182610744580585 0.4784452296819788 0.34601790763430723 0.3561837455830389
1 0.6315975494816211 0.3814487632508834 0.34319038642789823 0.3323321554770318
0 0.4513430725730443 0.5510600706713781 0.3113807728557964 0.31643109540636044
1 0.6000235626767201 0.6941696113074205 0.3545004712535344 0.3323321554770318
0 0.7170122525918945 0.46325088339222614 0.3569745523091423 0.30742049469964666
0 0.3780631479736098 0.3977031802120141 0.3608623939679548 0.369434628975265
1 0.6775447690857681 0.3948763250883392 0.34106974552309144 0.3556537102473498
0 0.4082233741753063 0.7061837455830389 0.3438972667295005 0.31749116607773853
2 0.5736333647502356 0.45724381625441696 0.3092601319509896 0.30424028268551234
0 0.4134071630537229 0.5977031802120142 0.31632893496701225 0.31113074204946994
2 0.560320452403393 0.6238515901060071 0.3499057492931197 0.3206713780918728
2 0.5511310084825636 0.5687279151943463 0.3032516493873704 0.3630742049469965
1 0.5057728557964185 0.49469964664310956 0.3580348727615457 0.34452296819787986
2 0.3795947219604147 0.7240282685512367 0.34354382657869936 0.30848056537102475
0 0.677191328934967 0.4353356890459364 0.32163053722902923 0.3508833922261484
1 0.6623468426013195 0.4676678445229682 0.3520263901979265 0.3715547703180212
1 0.6703581526861452 0.7620141342756184 0.34000942507068804 0.36731448763250885
1 0.3950282752120641 0.4581272084805654 0.3566211121583412 0.35247349823321555
1 0.522502356267672 0.6222614840989399 0.36581055607917057 0.357243816254417
1 0.37229029217719134 0.3968197879858657 0.3081998114985862 0.3053003533568905
0 0.3739396795475966 0.5734982332155477 0.30466540999057495 0.3010600706713781
0 0.6584590009425071 0.4333922261484099 0.32410461828463716 0.31219081272084803
2 0.694038642789821 0.6522968197879858 0.32198397737983037 0.3137809187279152
1 0.3846606974552309 0.49134275618374557 0.3417766258246937 0.35353356890459364
1 0.4097549481621112 0.481095406360424 0.33364750235626767 0.31431095406360426
2 0.5546654099905749 0.46713780918727915 0.33576814326107446 0.35300353356890457
0 0.5401743638077285 0.5659010600706714 0.31632893496701225 0.31007067137809186
2 0.6916823751178134 0.5090106007067138 0.30643261074458056 0.31219081272084803
1 0.6101555136663525 0.45724381625441696 0.3028982092365693 0.35936395759717316
0 0.5594957587181904 0.4049469964664311 0.37217247879359094 0.3275618374558304
0 0.37770970782280866 0.602826855123675 0.34142318567389257 0.3636042402826855
0 0.544062205466541 0.4726148409893993 0.3018378887841659 0.3323321554770318
2 0.5777568331762488 0.5704946996466431 0.33788878416588125 0.36625441696113076
0 0.4513430725730443 0.5826855123674912 0.36156927426955704 0.3254416961130742
0 0.41776625824693686 0.48480565371024736 0.3124410933081998 0.3667844522968198
0 0.47761545711592834 0.4367491166077738 0.3612158341187559 0.31590106007067137
0 0.40032987747408105 0.7139575971731449 0.33011310084825635 0.3058303886925795
1 0.46807257304429783 0.5093639575971731 0.3559142318567389 0.31537102473498235
0 0.6042648444863337 0.6061837455830389 0.34319038642789823 0.32279151943462897
2 0.5084825636192272 0.5692579505300354 0.36404335532516496 0.37526501766784454
2 0.4224787935909519 0.7307420494699647 0.3470782280867106 0.31696113074204946
0 0.44663053722902923 0.6275618374558304 0.36368991517436383 0.3063604240282686
1 0.6301837888784166 0.5185512367491166 0.3622761545711593 0.3471731448763251
2 0.45511310084825635 0.5720848056537102 0.34743166823751176 0.37314487632508836
1 0.43932610744580586 0.6339222614840989 0.34460414703110276 0.34558303886925795
1 0.6195805843543827 0.5367491166077738 0.3686380772855796 0.3296819787985866
0 0.6413760603204524 0.3978798586572438 0.3308199811498586 0.3657243816254417
0 0.6578699340245052 0.7215547703180212 0.3350612629594722 0.30212014134275617
0 0.6716540999057493 0.7418727915194346 0.35944863336475025 0.32279151943462897
1 0.43567389255419414 0.4757950530035336 0.3364750235626767 0.3196113074204947
2 0.6910933081998115 0.6579505300353357 0.3159754948162111 0.30424028268551234
1 0.577521206409048 0.7189045936395759 0.3202167766258247 0.34611307420494697
0 0.5841187558906692 0.7139575971731449 0.31173421300659754 0.3556537102473498
2 0.4201225259189444 0.6257950530035336 0.3647502356267672 0.3265017667844523
0 0.397502356267672 0.7512367491166078 0.3180961357210179 0.36890459363957595
0 0.47879359095193214 0.468904593639576 0.3456644674835061 0.3657243816254417
1 0.5333411875589067 0.4667844522968198 0.34248350612629597 0.31696113074204946
1 0.4011545711592837 0.657243816254417 0.36368991517436383 0.37526501766784454
0 0.6539820923656927 0.5199646643109541 0.3728793590951932 0.3058303886925795
1 0.46194627709707825 0.6570671378091872 0.30148444863336477 0.3185512367491166
2 0.37335061262959474 0.37826855123674913 0.3686380772855796 0.32491166077738515
2 0.6304194156456173 0.38851590106007067 0.31562205466541 0.32597173144876324
1 0.6988689915174364 0.41413427561837457 0.34000942507068804 0.3551236749116608
2 0.3586239396795476 0.7259717314487633 0.30749293119698395 0.3132508833922262
2 0.5078934967012253 0.44081272084805656 0.36298303487276157 0.33869257950530035
2 0.5355796418473139 0.44982332155477034 0.3060791705937794 0.32332155477031804
0 0.6088595664467483 0.5703180212014134 0.3428369462770971 0.31802120141342755
0 0.5194392082940622 0.5120141342756184 0.3099670122525919 0.32438162544169613
1 0.5550188501413761 0.5090106007067138 0.37217247879359094 0.33763250883392226
2 0.672832233741753 0.6683745583038869 0.33258718190386427 0.3471731448763251
2 0.4103440150801131 0.6856890459363958 0.31844957587181905 0.3556537102473498
1 0.448751178133836 0.4234982332155477 0.345311027332705 0.36095406360424026
1 0.6705937794533459 0.7325088339222615 0.3682846371347785 0.36890459363957595
1 0.5320452403393026 0.5982332155477031 0.36687087653157396 0.30212014134275617
2 0.4938737040527804 0.703356890459364 0.337181903864279 0.357773851590106
1 0.7139491046182846 0.3743816254416961 0.34142318567389257 0.35353356890459364
1 0.6833176248821866 0.6713780918727915 0.32516493873704055 0.3201413427561837
1 0.5161404335532517 0.3745583038869258 0.3028982092365693 0.36784452296819786
0 0.6558671065032988 0.4637809187279152 0.3028982092365693 0.3492932862190813
2 0.722196041470311 0.384452296819788 0.35273327049952874 0.3561837455830389
1 0.38301131008482564 0.684452296819788 0.3248114985862394 0.34770318021201413
1 0.5847078228086711 0.7420494699646644 0.35520735155513666 0.3339222614840989
1 0.6722431668237512 0.610600706713781 0.3166823751178134 0.3
0 0.41022620169651275 0.6646643109540636 0.31173421300659754 0.34770318021201413
1 0.5589066918001885 0.4708480565371025 0.32587181903864276 0.36519434628975267
0 0.6469132893496701 0.707243816254417 0.3707587181903864 0.3715547703180212
2 0.3977379830348728 0.6535335689045937 0.3286993402450518 0.3355123674911661
1 0.4287229029217719 0.7197879858657243 0.3340009425070688 0.36784452296819786
1 0.5323986804901036 0.5819787985865724 0.34248350612629597 0.33074204946996466
2 0.6372525918944392 0.418904593639576 0.34106974552309144 0.3641342756183746
2 0.6081526861451461 0.3591872791519435 0.34000942507068804 0.32491166077738515
2 0.45923656927426953 0.45 0.32587181903864276 0.3047703180212014
1 0.4135249764373233 0.5809187279151944 0.37111215834118755 0.3434628975265018
0 0.660933081998115 0.4971731448763251 0.3067860508953817 0.357243816254417
1 0.45676248821866167 0.4515901060070671 0.33894910461828465 0.3561837455830389
0 0.6165174363807728 0.5558303886925795 0.32198397737983037 0.3286219081272085
0 0.4862158341187559 0.38021201413427563 0.32198397737983037 0.33074204946996466
0 0.6352497643732328 0.5270318021201413 0.35273327049952874 0.35141342756183747
0 0.6836710650329878 0.3941696113074205 0.3099670122525919 0.3047703180212014
2 0.6234684260131951 0.6072438162544169 0.30042412818096137 0.3630742049469965
1 0.592836946277097 0.7130742049469965 0.30749293119698395 0.334982332155477
2 0.46477379830348725 0.7457597173144876 0.31279453345900093 0.36201413427561835
2 0.47620169651272387 0.5982332155477031 0.3223374175306315 0.3498233215547703
0 0.5824693685202639 0.700530035335689 0.3407163053722903 0.31007067137809186
0 0.3879594721960415 0.6846289752650176 0.3672243166823751 0.334452296819788
2 0.3761781338360038 0.4174911660777385 0.37005183788878415 0.36201413427561835
0 0.566564561734213 0.5199646643109541 0.345311027332705 0.3704946996466431
0 0.6080348727615457 0.6325088339222615 0.3071394910461828 0.3148409893992933
2 0.6251178133836004 0.5015901060070671 0.31950989632422244 0.31643109540636044
1 0.5444156456173421 0.5517667844522968 0.36156927426955704 0.3217314487632509
0 0.634071630537229 0.5346289752650176 0.35626767200754006 0.3657243816254417
1 0.5941328934967012 0.7019434628975265 0.32057021677662584 0.369434628975265
2 0.536875589066918 0.43268551236749114 0.3672243166823751 0.3492932862190813
1 0.5796418473138548 0.7323321554770318 0.326578699340245 0.3704946996466431
1 0.7147737983034873 0.5835689045936395 0.34460414703110276 0.3333922261484099
0 0.38631008482563617 0.49151943462897524 0.3135014137606032 0.34770318021201413
0 0.5076578699340245 0.5282685512367491 0.3467247879359095 0.30848056537102475
0 0.47266729500471255 0.4224381625441696 0.2997172478793591 0.35247349823321555
0 0.7166588124410933 0.5957597173144876 0.32269085768143263 0.34558303886925795
2 0.6559849198868991 0.4901060070671378 0.3223374175306315 0.30742049469964666
0 0.4227144203581527 0.44575971731448766 0.35626767200754006 0.3047703180212014
1 0.4086946277097078 0.6125441696113074 0.35308671065032987 0.35353356890459364
0 0.6967483506126296 0.396113074204947 0.31738925541941565 0.30424028268551234
1 0.515315739868049 0.5406360424028268 0.35838831291234685 0.3413427561837456
0 0.7201932139491046 0.6535335689045937 0.331880301602262 0.33975265017667844
2 0.6601083883129123 0.49169611307420497 0.32905278039585295 0.35353356890459364
2 0.48645146088595664 0.6786219081272085 0.33329406220546653 0.3418727915194346
0 0.39926955702167766 0.7017667844522968 0.345311027332705 0.357243816254417
0 0.6629359095193214 0.41678445229681976 0.3714655984919887 0.32597173144876324
0 0.4458058435438266 0.6319787985865725 0.326578699340245 0.35247349823321555
1 0.4210650329877474 0.7448763250883392 0.3180961357210179 0.3710247349823322
2 0.5499528746465598 0.40035335689045937 0.36050895381715364 0.33074204946996466
1 0.37676720075400566 0.5770318021201414 0.32304429783223376 0.3710247349823322
1 0.5870640904806786 0.4773851590106007 0.3467247879359095 0.3212014134275618
2 0.6458529688972667 0.4323321554770318 0.3124410933081998 0.3365724381625442
0 0.7046418473138548 0.5950530035335689 0.3728793590951932 0.3636042402826855
1 0.43272855796418475 0.49187279151943464 0.33117342130065974 0.32226148409893995
2 0.7377474081055608 0.6901060070671378 0.36899151743638076 0.3561837455830389
1 0.5580819981149858 0.38356890459363957 0.36368991517436383 0.3068904593639576
2 0.45193213949104616 0.5558303886925795 0.3491988689915174 0.34452296819787986
1 0.5788171536286523 0.6623674911660777 0.3135014137606032 0.3185512367491166
0 0.715951932139491 0.49840989399293284 0.3304665409990575 0.33763250883392226
1 0.6793119698397738 0.3952296819787986 0.323751178133836 0.35353356890459364
0 0.6281809613572101 0.6318021201413427 0.34142318567389257 0.3063604240282686
1 0.47478793590951934 0.5962897526501767 0.3477851083883129 0.30159010600706715
1 0.42389255419415645 0.4480565371024735 0.3598020735155514 0.32438162544169613
1 0.46819038642789823 0.4017667844522968 0.3598020735155514 0.3010600706713781
2 0.39691328934967013 0.5860424028268552 0.375 0.3726148409893993
2 0.5488925541941565 0.7284452296819788 0.34319038642789823 0.34611307420494697
2 0.5744580584354383 0.6558303886925795 0.3499057492931197 0.3710247349823322
2 0.6426720075400566 0.4607773851590106 0.34319038642789823 0.3402826855123675
1 0.6136899151743638 0.4249116607773852 0.3304665409990575 0.3715547703180212
0 0.6941564561734213 0.5390459363957597 0.32163053722902923 0.3715547703180212
2 0.5938972667295005 0.36431095406360425 0.345311027332705 0.3265017667844523
1 0.6717719132893497 0.6710247349823322 0.2997172478793591 0.3275618374558304
2 0.6368991517436381 0.5404593639575972 0.20075400565504242 0.2371024734982332
0 0.42483506126295945 0.45123674911660777 0.2111215834118756 0.223321554770318
2 0.7101790763430725 0.7501766784452297 0.22148916116870876 0.24381625441696114
1 0.4097549481621112 0.5577738515901061 0.22384542884071632 0.2010600706713781
1 0.49375589066918 0.6222614840989399 0.20994344957587183 0.2254416961130742
0 0.45311027332704995 0.5173144876325089 0.24599434495758718 0.2
0 0.7126531573986805 0.38604240282685515 0.24717247879359094 0.22862190812720848
0 0.7311498586239397 0.7363957597173145 0.24316682375117812 0.223321554770318
0 0.6033223374175306 0.684982332155477 0.20098963242224316 0.21731448763250882
0 0.583765315739868 0.4989399293286219 0.2325636192271442 0.22897526501766785
1 0.6516258246936852 0.5438162544169611 0.22832233741753064 0.2381625441696113
0 0.6184024505183789 0.6623674911660777 0.21135721017907635 0.2060070671378092
2 0.4446277097078228 0.6019434628975265 0.2408105560791706 0.20530035335689045
2 0.4106974552309142 0.3666077738515901 0.20263901979264845 0.2109540636042403
0 0.6608152686145146 0.5323321554770318 0.22973609802073516 0.20459363957597174
1 0.6866163996229971 0.7623674911660777 0.20782280867106503 0.24770318021201412
1 0.5010603204524033 0.5586572438162544 0.2014608859566447 0.22473498233215547
0 0.5858859566446748 0.65 0.23303487276154572 0.24911660777385158
1 0.6396088595664468 0.611660777385159 0.23350612629594722 0.23957597173144876
0 0.40893025447690856 0.5901060070671378 0.24434495758718192 0.21978798586572437
0 0.3579170593779453 0.48551236749116605 0.21489161168708765 0.24946996466431096
1 0.37971253534401506 0.5121908127208481 0.22879359095193214 0.20247349823321556
0 0.6578699340245052 0.7365724381625441 0.24929311969839774 0.21943462897526503
2 0.45723374175306314 0.6664310954063605 0.22266729500471252 0.2353356890459364
2 0.5552544769085768 0.5434628975265018 0.24151743638077286 0.22402826855123675
2 0.5680961357210179 0.7196113074204947 0.2295004712535344 0.22508833922261484
2 0.5970782280867106 0.5641342756183746 0.22667295004712534 0.21872791519434628
0 0.6894439208294062 0.4639575971731449 0.21866163996229973 0.24946996466431096
1 0.5649151743638078 0.6212014134275619 0.24245994344957586 0.22402826855123675
0 0.550306314797361 0.7063604240282686 0.20428840716305371 0.24946996466431096
2 0.6520970782280867 0.5272084805653711 0.21889726672950047 0.2127208480565371
0 0.4644203581526861 0.6385159010600707 0.22384542884071632 0.21978798586572437
0 0.44545240339302544 0.44982332155477034 0.22455230914231858 0.2183745583038869
2 0.5223845428840717 0.47102473498233216 0.20452403393025448 0.21130742049469964
0 0.6710650329877474 0.3878091872791519 0.20452403393025448 0.2371024734982332
0 0.7133600377002828 0.6086572438162544 0.20381715362865221 0.22579505300353356
1 0.6852026390197926 0.6722614840989399 0.20735155513666353 0.23851590106007067
0 0.46383129123468425 0.5309187279151943 0.2024033930254477 0.23074204946996466
0 0.5889491046182846 0.3931095406360424 0.2391611687087653 0.22226148409893992
1 0.4984684260131951 0.5943462897526501 0.2080584354382658 0.2183745583038869
1 0.5954288407163054 0.565017667844523 0.23939679547596607 0.2381625441696113
0 0.5796418473138548 0.38568904593639575 0.21536286522148917 0.21519434628975265
2 0.4672478793590952 0.6729681978798586 0.20169651272384542 0.2060070671378092
1 0.4419180018850141 0.5219081272084806 0.24670122525918944 0.22473498233215547
1 0.3672243166823751 0.6602473498233216 0.20523091423185674 0.22791519434628976
0 0.5526625824693685 0.7127208480565371 0.24717247879359094 0.2353356890459364
1 0.7241988689915174 0.4371024734982332 0.2269085768143261 0.21130742049469964
0 0.6953345900094251 0.37332155477031803 0.23986804901036757 0.20812720848056537
1 0.6566918001885014 0.4666077738515901 0.20358152686145145 0.20318021201413428
1 0.6292412818096136 0.6217314487632509 0.21842601319509897 0.24275618374558303
2 0.4923421300659755 0.5330388692579505 0.23444863336475025 0.22791519434628976
2 0.6179311969839774 0.6109540636042403 0.21277097078228085 0.24946996466431096
2 0.5683317624882187 0.4134275618374558 0.22525918944392084 0.21978798586572437
2 0.5333411875589067 0.6409893992932862 0.22219604147031102 0.24240282685512368
2 0.4083411875589067 0.5173144876325089 0.21347785108388312 0.22968197879858657
0 0.6707115928369463 0.4480565371024735 0.21842601319509897 0.20070671378091873
2 0.6444392082940622 0.4945229681978799 0.22148916116870876 0.22226148409893992
0 0.46583411875589065 0.546643109540636 0.22148916116870876 0.2381625441696113
1 0.43143261074458056 0.707243816254417 0.23232799245994346 0.2342756183745583
2 0.37229029217719134 0.7392226148409894 0.23845428840716307 0.2332155477031802
2 0.5453581526861452 0.4420494699646643 0.24764373232799247 0.2303886925795053
2 0.6630537229029217 0.6399293286219081 0.21347785108388312 0.24381625441696114
1 0.7220782280867106 0.6697879858657244 0.24151743638077286 0.20318021201413428
2 0.5872997172478793 0.4450530035335689 0.2155984919886899 0.23003533568904594
2 0.37476437323279926 0.37720848056537104 0.21701225259189444 0.2265017667844523
1 0.7292648444863337 0.6097173144876326 0.23939679547596607 0.2413427561837456
1 0.6860273327049953 0.7454063604240283 0.2085296889726673 0.22579505300353356
0 0.5032987747408105 0.5818021201413428 0.2106503298774741 0.2342756183745583
1 0.5389962299717248 0.5176678445229682 0.23491988689915175 0.2049469964664311
1 0.6734213006597549 0.4169611307420495 0.22007540056550423 0.20141342756183744
0 0.4968190386427898 0.4842756183745583 0.21088595664467483 0.23074204946996466
2 0.6715362865221489 0.6641342756183746 0.2177191328934967 0.21872791519434628
2 0.45640904806786053 0.4169611307420495 0.22384542884071632 0.2303886925795053
0 0.5779924599434496 0.5369257950530035 0.21489161168708765 0.21943462897526503
0 0.5334590009425071 0.4618374558303887 0.205937794533459 0.20706713780918728
1 0.7344486333647502 0.44151943462897525 0.24363807728557965 0.23851590106007067
0 0.7260838831291234 0.7325088339222615 0.23539114043355325 0.22897526501766785
0 0.4227144203581527 0.5547703180212014 0.23468426013195098 0.20565371024734982
1 0.5527803958529689 0.6312720848056537 0.22101790763430726 0.21024734982332155
1 0.49952874646559847 0.38674911660777384 0.21960414703110273 0.2060070671378092
2 0.692507068803016 0.6501766784452296 0.24552309142318568 0.22049469964664312
1 0.6326578699340245 0.3992932862190813 0.23138548539114043 0.22049469964664312
2 0.4467483506126296 0.7042402826855124 0.22384542884071632 0.2127208480565371
1 0.5782280867106503 0.6892226148409893 0.22761545711592837 0.24346289752650177
2 0.5625589066918002 0.5726148409893993 0.23020735155513666 0.23780918727915196
1 0.6492695570216777 0.7074204946996466 0.2377474081055608 0.2183745583038869
2 0.623114985862394 0.5263250883392226 0.23491988689915175 0.2109540636042403
0 0.4313147973609802 0.5984098939929329 0.23067860508953816 0.24346289752650177
2 0.5997879359095193 0.7484098939929329 0.24528746465598492 0.24240282685512368
2 0.6933317624882187 0.6121908127208481 0.20475966069745524 0.24770318021201412
0 0.4699575871819039 0.5067137809187279 0.20381715362865221 0.21060070671378092
2 0.4383836003770028 0.622791519434629 0.22596606974552308 0.21731448763250882
2 0.5619698397737983 0.6363957597173144 0.21866163996229973 0.24664310954063604
2 0.6630537229029217 0.37879858657243815 0.22761545711592837 0.24098939929328622
0 0.6425541941564562 0.4510600706713781 0.24976437323279924 0.2088339222614841
1 0.6991046182846371 0.7303886925795053 0.24976437323279924 0.22049469964664312
2 0.40751649387370403 0.761660777385159 0.23444863336475025 0.24275618374558303
0 0.46583411875589065 0.5920494699646643 0.21394910461828465 0.23215547703180212
0 0.5245051837888784 0.5102473498233215 0.20216776625824695 0.25017667844522967
1 0.6365457115928369 0.47208480565371025 0.24858623939679547 0.20070671378091873
2 0.7181903864278982 0.7174911660777386 0.23892554194156457 0.20247349823321556
2 0.6729500471253534 0.6807420494699646 0.23279924599434496 0.24346289752650177
1 0.5841187558906692 0.45282685512367493 0.2111215834118756 0.2469964664310954
0 0.40680961357210177 0.7477031802120141 0.2090009425070688 0.22049469964664312
1 0.46489161168708765 0.5537102473498233 0.20970782280867106 0.2480565371024735
1 0.544769 0.638339 0.225259 0.236395
1 0.465716 0.616607 0.243402 0.216961
0 0.662229 0.547349 0.247172 0.222614
1 0.567624 0.655477 0.242224 0.210600
1 0.607092 0.439752 0.209472 0.217314
1 0.430843 0.676855 0.228793 0.234275
1 0.711946 0.578621 0.204288 0.218021
1 0.624175 0.599646 0.213006 0.209187
1 0.715480 0.594169 0.216069 0.237809
1 0.434849 0.638339 0.215598 0.226501
1 0.634660 0.716431 0.201460 0.220141
1 0.589655 0.455653 0.208529 0.208127
1 0.360980 0.733922 0.205937 0.225441
1 0.496465 0.694522 0.225730 0.235689
1 0.687205 0.569257 0.209000 0.235335
1 0.420593 0.672261 0.219132 0.208127
1 0.669297 0.434805 0.212299 0.231448
