2 0.3761781338360038 0.6837455830388692 0.22832233741753064 0.2303886925795053
2 0.4236569274269557 0.7309187279151943 0.20122525918944392 0.2342756183745583
2 0.6179311969839774 0.4243816254416961 0.2080584354382658 0.21413427561837456
1 0.4458058435438266 0.7480565371024736 0.22431668237511782 0.24169611307420494
2 0.397502356267672 0.4659010600706714 0.24269557021677662 0.2060070671378092
2 0.4845664467483506 0.5606007067137809 0.20428840716305371 0.24063604240282685
2 0.5751649387370406 0.6657243816254417 0.21300659754948162 0.24522968197879857
2 0.6518614514608859 0.4019434628975265 0.24151743638077286 0.20459363957597174
0 0.49964655984919887 0.4833922261484099 0.21371347785108388 0.21130742049469964
1 0.5331055607917059 0.6427561837455831 0.2391611687087653 0.21342756183745584
