1 0.5977851083883129 0.4226148409893993 0.22525918944392084 0.24381625441696114
1 0.725612629594722 0.5151943462897527 0.2155984919886899 0.2127208480565371
0 0.6998114985862394 0.6208480565371025 0.24835061262959474 0.22685512367491167
1 0.40139019792648445 0.7376325088339223 0.22219604147031102 0.22014134275618374
1 0.43484919886899154 0.7130742049469965 0.21418473138548538 0.20424028268551236
2 0.48221017907634306 0.46713780918727915 0.2386899151743638 0.24240282685512368
2 0.420004712535344 0.43798586572438164 0.21135721017907635 0.2420494699646643
2 0.46689443920829404 0.40441696113074205 0.2320923656927427 0.20035335689045936
1 0.3632186616399623 0.6462897526501766 0.2014608859566447 0.24028268551236748
1 0.6775447690857681 0.5809187279151944 0.24858623939679547 0.23392226148409895
0 0.5770499528746466 0.5593639575971732 0.24505183788878418 0.23886925795053005
