1 0.48433081998114985 0.6438162544169611 0.21418473138548538 0.21130742049469964
0 0.37664938737040526 0.5206713780918728 0.20664467483506127 0.2293286219081272
1 0.4136427898209237 0.4945229681978799 0.22125353440150802 0.22508833922261484
1 0.6258246936852027 0.7402826855123675 0.20499528746465598 0.23674911660777384
2 0.6873232799245994 0.620494699646643 0.20358152686145145 0.21484098939929328
0 0.5642082940622055 0.7187279151943463 0.24151743638077286 0.23604240282685512
1 0.42860508953817156 0.6026501766784452 0.21206409048067862 0.21802120141342757
2 0.5067153628652215 0.537809187279152 0.2382186616399623 0.21201413427561838
2 0.5394674835061263 0.5796819787985866 0.24575871819038642 0.22084805653710246
1 0.35827049952874646 0.6918727915194346 0.21654099905749294 0.25017667844522967
