1 0.6840245051837889 0.5459363957597173 0.2172478793590952 0.23745583038869258
1 0.5034165881244109 0.4411660777385159 0.21842601319509897 0.2413427561837456
1 0.6648209236569275 0.3789752650176678 0.23633364750235628 0.20742049469964666
0 0.41116870876531575 0.6835689045936396 0.2177191328934967 0.22014134275618374
2 0.6245287464655985 0.52773851590106 0.20664467483506127 0.2067137809187279
0 0.7153628652214892 0.5908127208480566 0.205937794533459 0.21908127208480566
2 0.5189679547596607 0.6229681978798587 0.2198397737983035 0.20848056537102475
2 0.544062205466541 0.5047703180212014 0.22384542884071632 0.22579505300353356
1 0.4441564561734213 0.727208480565371 0.23091423185673893 0.20353356890459365
0 0.5977851083883129 0.5628975265017668 0.23751178133836004 0.24169611307420494
