0 0.4711357210179076 0.45335689045936395 0.2269085768143261 0.20848056537102475
2 0.6885014137606033 0.7303886925795053 0.235626767200754 0.21625441696113074
0 0.3989161168708765 0.37190812720848054 0.20829406220546653 0.20530035335689045
2 0.5031809613572101 0.49964664310954066 0.24622997172478794 0.23109540636042403
0 0.6279453345900095 0.6911660777385159 0.2295004712535344 0.2275618374558304
0 0.5838831291234684 0.7176678445229682 0.20263901979264845 0.24664310954063604
1 0.6495051837888784 0.5496466431095406 0.20523091423185674 0.21024734982332155
0 0.7273798303487277 0.5798586572438162 0.23327049952874646 0.22685512367491167
1 0.611569274269557 0.7519434628975264 0.22785108388312914 0.22473498233215547
1 0.4189443920829406 0.6371024734982332 0.22525918944392084 0.22685512367491167
