1 0.5623232799245994 0.6328621908127209 0.22785108388312914 0.21554770318021202
0 0.6027332704995287 0.5697879858657244 0.24458058435438265 0.21943462897526503
2 0.6241753063147973 0.4588339222614841 0.20405278039585298 0.21943462897526503
1 0.5844721960414703 0.4892226148409894 0.2391611687087653 0.2265017667844523
1 0.39172950047125354 0.37420494699646645 0.22360980207351555 0.21554770318021202
0 0.5057728557964185 0.6879858657243816 0.2085296889726673 0.21625441696113074
2 0.41105089538171535 0.6111307420494699 0.23067860508953816 0.2010600706713781
1 0.46277097078228085 0.5869257950530036 0.206880301602262 0.20070671378091873
2 0.5214420358152686 0.44452296819787984 0.22054665409990576 0.24381625441696114
2 0.7192507068803016 0.7166077738515901 0.23586239396795475 0.23745583038869258
