1 0.7138312912346843 0.39646643109540636 0.21748350612629594 0.2049469964664311
2 0.4723138548539114 0.576148409893993 0.2085296889726673 0.20954063604240283
1 0.5360508953817154 0.36590106007067136 0.2408105560791706 0.23003533568904594
0 0.5527803958529689 0.6056537102473498 0.22808671065032987 0.20565371024734982
2 0.40551366635249764 0.4950530035335689 0.22525918944392084 0.20424028268551236
0 0.6287700282752121 0.7439929328621908 0.22408105560791705 0.2314487632508834
1 0.6635249764373233 0.5303886925795053 0.23939679547596607 0.24028268551236748
1 0.57186616399623 0.411660777385159 0.23468426013195098 0.24098939929328622
2 0.3814797360980207 0.6517667844522969 0.2115928369462771 0.22296819787985867
2 0.6860273327049953 0.6226148409893993 0.20994344957587183 0.2480565371024735
