1 0.47137134778510836 0.6083038869257951 0.24010367577756833 0.21024734982332155
2 0.43720546654099907 0.7531802120141343 0.20051837888784166 0.23780918727915196
1 0.5887134778510839 0.4835689045936396 0.21277097078228085 0.22862190812720848
1 0.5131950989632422 0.39346289752650176 0.23185673892554196 0.20742049469964666
1 0.6471489161168709 0.42720848056537103 0.23963242224316683 0.22190812720848058
0 0.7144203581526861 0.7114840989399294 0.23986804901036757 0.2166077738515901
2 0.4071630537229029 0.4975265017667845 0.21583411875589067 0.20424028268551236
2 0.6191093308199811 0.5330388692579505 0.23491988689915175 0.203886925795053
2 0.6960414703110274 0.6745583038869258 0.22761545711592837 0.22190812720848058
1 0.5471253534401508 0.6365724381625442 0.23845428840716307 0.24063604240282685
