0 0.6900329877474081 0.6943462897526502 0.2377474081055608 0.22473498233215547
2 0.5148444863336475 0.49081272084805655 0.22054665409990576 0.23462897526501766
1 0.5904806786050896 0.5425795053003534 0.2111215834118756 0.22014134275618374
0 0.5650329877474081 0.3745583038869258 0.20970782280867106 0.22685512367491167
2 0.455937794533459 0.3982332155477032 0.22431668237511782 0.21625441696113074
1 0.6171065032987747 0.43904593639575973 0.22667295004712534 0.22508833922261484
1 0.39714891611687086 0.7418727915194346 0.22596606974552308 0.20742049469964666
1 0.3704052780395853 0.596643109540636 0.2054665409990575 0.22508833922261484
0 0.634071630537229 0.5160777385159011 0.22525918944392084 0.2293286219081272
0 0.4770263901979265 0.6325088339222615 0.23350612629594722 0.20848056537102475
