1 0.5748114985862394 0.7575971731448763 0.2386899151743638 0.23674911660777384
0 0.7339773798303487 0.5017667844522968 0.23374175306314798 0.24734982332155478
1 0.43626295947219607 0.4588339222614841 0.24434495758718192 0.2088339222614841
1 0.6497408105560791 0.6754416961130743 0.20334590009425071 0.22579505300353356
0 0.5424128180961357 0.43091872791519437 0.22620169651272384 0.2265017667844523
2 0.6142789820923656 0.3795053003533569 0.1998114985862394 0.2254416961130742
1 0.367813383600377 0.6911660777385159 0.23468426013195098 0.22190812720848058
0 0.40032987747408105 0.6196113074204948 0.22478793590951932 0.2166077738515901
2 0.4632422243166824 0.5348056537102474 0.20923656927426956 0.2109540636042403
2 0.5613807728557965 0.41413427561837457 0.21748350612629594 0.2332155477031802
