2 0.5949575871819038 0.7286219081272085 0.20216776625824695 0.21201413427561838
2 0.6376060320452404 0.606713780918728 0.24316682375117812 0.20141342756183744
2 0.6107445805843544 0.6636042402826855 0.22148916116870876 0.23180212014134274
1 0.5003534401508011 0.5091872791519435 0.2264373232799246 0.20141342756183744
0 0.351555136663525 0.4180212014134276 0.20169651272384542 0.2303886925795053
0 0.4383836003770028 0.6431095406360424 0.2028746465598492 0.22685512367491167
1 0.525918944392083 0.687809187279152 0.24552309142318568 0.2265017667844523
0 0.37865221489161166 0.39540636042402827 0.21253534401508012 0.20565371024734982
1 0.558435438265787 0.7091872791519435 0.24646559849198868 0.21554770318021202
1 0.40645617342130064 0.5929328621908128 0.22054665409990576 0.2049469964664311
