0 0.694038642789821 0.7189045936395759 0.21889726672950047 0.20530035335689045
0 0.6711828463713477 0.5224381625441696 0.2311498586239397 0.20176678445229682
2 0.4104618284637135 0.44452296819787984 0.2474081055607917 0.23886925795053005
0 0.4706644674835061 0.6371024734982332 0.24622997172478794 0.23109540636042403
2 0.49045711592836944 0.4669611307420495 0.23067860508953816 0.20318021201413428
2 0.6056786050895382 0.6628975265017668 0.21654099905749294 0.24876325088339224
1 0.6407869934024505 0.5789752650176678 0.2429311969839774 0.22508833922261484
2 0.38631008482563617 0.49664310954063606 0.21795475966069747 0.2413427561837456
0 0.36345428840716304 0.42402826855123676 0.21229971724787935 0.22685512367491167
1 0.7166588124410933 0.7469964664310954 0.2151272384542884 0.21554770318021202
0 0.5685673892554194 0.541696113074205 0.24929311969839774 0.23674911660777384
0 0.5300424128180962 0.36395759717314485 0.2151272384542884 0.2183745583038869
