1 0.3878416588124411 0.3756183745583039 0.23892554194156457 0.25017667844522967
1 0.5147266729500471 0.42597173144876327 0.2320923656927427 0.22296819787985867
0 0.5825871819038643 0.4756183745583039 0.23539114043355325 0.2275618374558304
0 0.47349198868991516 0.5851590106007067 0.20475966069745524 0.21625441696113074
2 0.5003534401508011 0.5469964664310955 0.22596606974552308 0.24734982332155478
1 0.6226437323279924 0.6091872791519435 0.2311498586239397 0.21978798586572437
2 0.6704759660697456 0.7037102473498233 0.24905749293119697 0.2462897526501767
2 0.5398209236569275 0.446643109540636 0.20358152686145145 0.22190812720848058
1 0.41328934967012254 0.5712014134275618 0.23232799245994346 0.20176678445229682
1 0.4344957587181904 0.7432862190812721 0.24222431668237512 0.24840989399293287
