2 0.6791941564561734 0.5309187279151943 0.25 0.24558303886925795
0 0.5351083883129123 0.7061837455830389 0.23232799245994346 0.20247349823321556
1 0.4215362865221489 0.6787985865724382 0.20075400565504242 0.2183745583038869
0 0.5600848256361922 0.4196113074204947 0.2233741753063148 0.2109540636042403
2 0.5829406220546655 0.5639575971731449 0.235626767200754 0.20141342756183744
2 0.5053016022620169 0.39151943462897526 0.23727615457115928 0.23604240282685512
1 0.36192271442035817 0.6240282685512367 0.21300659754948162 0.23674911660777384
2 0.3919651272384543 0.37332155477031803 0.25 0.2215547703180212
2 0.6163996229971724 0.5969964664310954 0.2106503298774741 0.22014134275618374
0 0.7084118755890669 0.7332155477031802 0.2014608859566447 0.24876325088339224
