2 0.3847785108388313 0.4275618374558304 0.22808671065032987 0.21413427561837456
0 0.6043826578699341 0.6784452296819788 0.22525918944392084 0.22614840989399293
2 0.6354853911404336 0.47950530035335687 0.2054665409990575 0.2353356890459364
1 0.67813383600377 0.6153710247349823 0.20970782280867106 0.2371024734982332
2 0.5860037700282752 0.5855123674911661 0.2412818096135721 0.2183745583038869
0 0.40810556079170596 0.6945229681978798 0.24882186616399624 0.2469964664310954
2 0.4809142318567389 0.40229681978798587 0.23232799245994346 0.2060070671378092
0 0.5525447690857681 0.707773851590106 0.20923656927426956 0.20706713780918728
1 0.7026390197926484 0.5595406360424028 0.20829406220546653 0.23498233215547704
2 0.5260367577756834 0.45335689045936395 0.2320923656927427 0.23604240282685512
