1 0.44745523091423184 0.4348056537102474 0.24410933081998115 0.22438162544169613
2 0.6112158341187559 0.6671378091872792 0.23939679547596607 0.2254416961130742
2 0.3805372290292177 0.5886925795053004 0.21017907634307256 0.20070671378091873
0 0.6715362865221489 0.4026501766784452 0.24599434495758718 0.23568904593639575
2 0.4892789820923657 0.4219081272084806 0.20098963242224316 0.21554770318021202
0 0.4038642789820924 0.49151943462897524 0.20358152686145145 0.23462897526501766
0 0.46383129123468425 0.6913427561837456 0.24057492931196983 0.22720848056537102
1 0.7313854853911405 0.4756183745583039 0.23986804901036757 0.2381625441696113
2 0.700636192271442 0.508833922261484 0.2320923656927427 0.22402826855123675
1 0.5580819981149858 0.6022968197879859 0.20334590009425071 0.21307420494699647
