2 0.4604147031102733 0.5510600706713781 0.20405278039585298 0.21731448763250882
0 0.5779924599434496 0.6365724381625442 0.22054665409990576 0.24275618374558303
2 0.41317153628652215 0.43604240282685514 0.22219604147031102 0.23604240282685512
1 0.4420358152686145 0.7561837455830389 0.24552309142318568 0.2381625441696113
0 0.7310320452403393 0.3706713780918728 0.22832233741753064 0.21625441696113074
1 0.6592836946277097 0.4791519434628975 0.23327049952874646 0.24664310954063604
2 0.3995051837888784 0.7132508833922262 0.20475966069745524 0.24487632508833923
2 0.7181903864278982 0.3853356890459364 0.20216776625824695 0.23568904593639575
1 0.6035579641847314 0.5952296819787986 0.23350612629594722 0.21024734982332155
0 0.7001649387370406 0.7432862190812721 0.2028746465598492 0.20742049469964666
