0 0.5228557964184731 0.4515901060070671 0.24835061262959474 0.23886925795053005
2 0.4008011310084826 0.6401060070671378 0.21913289349670123 0.24840989399293287
0 0.4342601319509896 0.46519434628975265 0.20876531573986806 0.21236749116607773
2 0.4502827521206409 0.5113074204946997 0.20970782280867106 0.23462897526501766
0 0.5668001885014138 0.7560070671378092 0.24104618284637136 0.2469964664310954
0 0.6583411875589067 0.6743816254416961 0.23892554194156457 0.23568904593639575
1 0.7200754005655042 0.36501766784452294 0.23845428840716307 0.2049469964664311
0 0.37170122525918947 0.6588339222614841 0.2325636192271442 0.2363957597173145
2 0.46606974552309144 0.5957597173144876 0.22101790763430726 0.23462897526501766
0 0.6935673892554194 0.5236749116607774 0.2028746465598492 0.23462897526501766
