1 0.38960885956644675 0.7003533568904594 0.20051837888784166 0.25017667844522967
1 0.4158812441093308 0.6091872791519435 0.22808671065032987 0.2226148409893993
2 0.668119698397738 0.4203180212014134 0.2160697455230914 0.21024734982332155
2 0.5796418473138548 0.580035335689046 0.21960414703110273 0.2293286219081272
0 0.7163053722902922 0.6323321554770318 0.24505183788878418 0.24346289752650177
2 0.5970782280867106 0.4802120141342756 0.21630537229029217 0.21130742049469964
1 0.5400565504241281 0.5333922261484099 0.23468426013195098 0.24770318021201412
2 0.3610980207351555 0.5160777385159011 0.20523091423185674 0.203886925795053
0 0.4677191328934967 0.757243816254417 0.24410933081998115 0.23462897526501766
2 0.6151036757775683 0.44434628975265017 0.21041470311027333 0.2462897526501767
0 0.63748821866164 0.4991166077738516 0.24670122525918944 0.2392226148409894
2 0.5083647502356268 0.6514134275618375 0.22785108388312914 0.21307420494699647
