1 0.6941564561734213 0.5401060070671378 0.22101790763430726 0.2342756183745583
2 0.6076814326107446 0.6411660777385159 0.25023562676720074 0.24982332155477033
0 0.6603440150801131 0.4139575971731449 0.2094721960414703 0.20954063604240283
1 0.40704524033930256 0.6210247349823321 0.2320923656927427 0.2363957597173145
2 0.6450282752120641 0.5551236749116608 0.2094721960414703 0.25017667844522967
1 0.4785579641847314 0.5821554770318021 0.23091423185673893 0.2060070671378092
0 0.5480678605089538 0.6590106007067138 0.21347785108388312 0.20141342756183744
1 0.4651272384542884 0.4959363957597173 0.21017907634307256 0.203886925795053
2 0.5630301602262017 0.48197879858657244 0.21371347785108388 0.2226148409893993
2 0.39078699340245054 0.7487632508833922 0.21842601319509897 0.22897526501766785
