0 0.735626767200754 0.6245583038869258 0.2469368520263902 0.22579505300353356
0 0.6353675777568332 0.7250883392226148 0.21889726672950047 0.2254416961130742
0 0.530631479736098 0.5204946996466431 0.20169651272384542 0.24098939929328622
2 0.7135956644674835 0.3637809187279152 0.2094721960414703 0.211660777385159
2 0.36604618284637136 0.6722614840989399 0.21936852026390197 0.23356890459363958
2 0.5821159283694628 0.3901060070671378 0.2391611687087653 0.23392226148409895
1 0.5083647502356268 0.4249116607773852 0.2151272384542884 0.23992932862190813
0 0.42836946277097077 0.5745583038869257 0.24599434495758718 0.23745583038869258
2 0.6885014137606033 0.5909893992932862 0.2233741753063148 0.2166077738515901
2 0.45087181903864276 0.47597173144876326 0.2434024505183789 0.23745583038869258
