2 0.4117577756833176 0.4584805653710247 0.20664467483506127 0.23356890459363958
2 0.6644674835061263 0.5485865724381626 0.21960414703110273 0.24558303886925795
0 0.38407163053722904 0.4067137809187279 0.23845428840716307 0.24098939929328622
2 0.4524033930254477 0.7369257950530035 0.2478793590951932 0.23780918727915196
1 0.5126060320452404 0.7167844522968198 0.22313854853911405 0.2420494699646643
1 0.5670358152686145 0.7505300353356891 0.20758718190386427 0.22968197879858657
0 0.547832233741753 0.48286219081272086 0.2360980207351555 0.20247349823321556
0 0.6261781338360037 0.5835689045936395 0.21277097078228085 0.2166077738515901
2 0.6949811498586239 0.6508833922261484 0.2160697455230914 0.20424028268551236
2 0.7319745523091423 0.681095406360424 0.23397737983034872 0.21448763250883393
1 0.49104618284637136 0.5148409893992932 0.2064090480678605 0.2353356890459364
