1 0.390197 0.684098 0.207351 0.200706
1 0.731503 0.581978 0.234448 0.235335
1 0.407634 0.613780 0.207822 0.224028
1 0.641376 0.415547 0.249293 0.240282
1 0.528393 0.478621 0.247643 0.235689
1 0.483034 0.699646 0.202167 0.221908
1 0.571394 0.444169 0.243166 0.245229
1 0.687558 0.743286 0.202167 0.240636
1 0.575754 0.399646 0.235862 0.243109
1 0.489043 0.417667 0.224081 0.202120
1 0.720193 0.681095 0.217483 0.225795
1 0.388430 0.491519 0.231621 0.250176
1 0.669651 0.578798 0.245994 0.222614
1 0.704288 0.740812 0.249293 0.233568
1 0.554194 0.476325 0.212535 0.240282
1 0.662700 0.713427 0.216069 0.219081
1 0.461003 0.395229 0.234448 0.227915
1 0.641965 0.602120 0.217483 0.232508
1 0.709707 0.660954 0.231856 0.237809
1 0.515786 0.379328 0.241281 0.230035
1 0.728086 0.466431 0.243638 0.212720
1 0.444156 0.677385 0.210179 0.236042
1 0.398327 0.655123 0.226908 0.237455
1 0.698868 0.370671 0.206409 0.233215
1 0.446512 0.696466 0.230914 0.231802
1 0.495876 0.387102 0.209472 0.228621
1 0.382422 0.603710 0.204524 0.239929
1 0.738925 0.722084 0.249764 0.215901
1 0.566328 0.622438 0.216540 0.208833
1 0.660933 0.464487 0.220546 0.218021
0 0.354382 0.706713 0.200754 0.211307
0 0.585650 0.385865 0.239632 0.214134
0 0.533576 0.524734 0.204288 0.224734
1 0.433081 0.501060 0.243166 0.232508
1 0.482327 0.728621 0.246936 0.240282
1 0.673774 0.420318 0.229264 0.242049
1 0.376413 0.371554 0.217954 0.241342
1 0.702521 0.546113 0.225966 0.209540
1 0.406573 0.487632 0.211828 0.219081
0 0.572101 0.682685 0.237511 0.204240
0 0.504241 0.464134 0.227144 0.228621
0 0.688030 0.563250 0.201696 0.240282
1 0.608977 0.537985 0.215127 0.235689
1 0.678251 0.592402 0.222196 0.237809
1 0.720075 0.678621 0.213949 0.210247
1 0.544297 0.708127 0.242224 0.204946
0 0.408812 0.662367 0.238454 0.231448
